182415	1824	1824
182414	1824	1824
182413	1824	1824
182411	1824	1824
182410	1824	1824
182409	1824	1824
182407	1824	1824
182403	1824	1824
182401	1824	1824
182341	1823	1823
182340	1823	1823
182339	1823	1823
182338	1823	1823
182337	1823	1823
182336	1823	1823
182335	1823	1823
182329	1823	1823
182327	1823	1823
182325	1823	1823
182323	1823	1823
182322	1823	1823
182321	1823	1823
182320	1823	1823
182319	1823	1823
182318	1823	1823
182317	1823	1823
182316	1823	1823
182315	1823	1823
182310	1823	1823
182307	1823	1823
182306	1823	1823
182305	1823	1823
182304	1823	1823
182301	1823	1823
182208	1822	1822
182206	1822	1822
182205	1822	1822
182204	1822	1822
182203	1822	1822
182133	1821	1821
182132	1821	1821
182131	1821	1821
182130	1821	1821
182129	1821	1821
182128	1821	1821
182127	1821	1821
182122	1821	1821
182118	1821	1821
182116	1821	1821
182111	1821	1821
182110	1821	1821
182109	1821	1821
182108	1821	1821
182107	1821	1821
182106	1821	1821
182105	1821	1821
182103	1821	1821
182102	1821	1821
182013	1820	1820
182012	1820	1820
182011	1820	1820
182009	1820	1820
182006	1820	1820
182005	1820	1820
182004	1820	1820
181921	1819	1819
181920	1819	1819
181919	1819	1819
181918	1819	1819
181917	1819	1819
181914	1819	1819
181913	1819	1819
181908	1819	1819
181906	1819	1819
181905	1819	1819
181904	1819	1819
181902	1819	1819
181901	1819	1819
181821	1818	1818
181820	1818	1818
181819	1818	1818
181818	1818	1818
181817	1818	1818
181814	1818	1818
181811	1818	1818
181810	1818	1818
181806	1818	1818
181804	1818	1818
181803	1818	1818
181802	1818	1818
181801	1818	1818
181714	1817	1817
181713	1817	1817
181711	1817	1817
181710	1817	1817
181709	1817	1817
181707	1817	1817
181706	1817	1817
181704	1817	1817
181702	1817	1817
181623	1816	1816
181622	1816	1816
181621	1816	1816
181620	1816	1816
181619	1816	1816
181617	1816	1816
181616	1816	1816
181615	1816	1816
181612	1816	1816
181609	1816	1816
181608	1816	1816
181607	1816	1816
181606	1816	1816
181602	1816	1816
181517	1815	1815
181516	1815	1815
181515	1815	1815
181512	1815	1815
181511	1815	1815
181509	1815	1815
181507	1815	1815
181505	1815	1815
181504	1815	1815
181502	1815	1815
181501	1815	1815
181412	1814	1814
181411	1814	1814
181410	1814	1814
181406	1814	1814
181405	1814	1814
181403	1814	1814
181319	1813	1813
181318	1813	1813
181317	1813	1813
181316	1813	1813
181314	1813	1813
181313	1813	1813
181312	1813	1813
181311	1813	1813
181310	1813	1813
181303	1813	1813
181302	1813	1813
181211	1812	1812
181210	1812	1812
181209	1812	1812
181208	1812	1812
181207	1812	1812
181203	1812	1812
181202	1812	1812
181115	1811	1811
181114	1811	1811
181112	1811	1811
181111	1811	1811
181110	1811	1811
181109	1811	1811
181106	1811	1811
181105	1811	1811
181104	1811	1811
181103	1811	1811
181102	1811	1811
181015	1810	1810
181014	1810	1810
181013	1810	1810
181009	1810	1810
181008	1810	1810
181007	1810	1810
181005	1810	1810
181002	1810	1810
180911	1809	1809
180910	1809	1809
180908	1809	1809
180906	1809	1809
180905	1809	1809
180903	1809	1809
180901	1809	1809
180811	1808	1808
180809	1808	1808
180808	1808	1808
180807	1808	1808
180805	1808	1808
180804	1808	1808
180802	1808	1808
180723	1807	1807
180722	1807	1807
180721	1807	1807
180720	1807	1807
180719	1807	1807
180717	1807	1807
180716	1807	1807
180713	1807	1807
180710	1807	1807
180709	1807	1807
180708	1807	1807
180707	1807	1807
180706	1807	1807
180705	1807	1807
180703	1807	1807
180702	1807	1807
180622	1806	1806
180621	1806	1806
180620	1806	1806
180619	1806	1806
180616	1806	1806
180614	1806	1806
180608	1806	1806
180607	1806	1806
180606	1806	1806
180605	1806	1806
180602	1806	1806
180601	1806	1806
180528	1805	1805
180527	1805	1805
180526	1805	1805
180525	1805	1805
180524	1805	1805
180523	1805	1805
180520	1805	1805
180519	1805	1805
180517	1805	1805
180516	1805	1805
180511	1805	1805
180510	1805	1805
180509	1805	1805
180508	1805	1805
180507	1805	1805
180505	1805	1805
180504	1805	1805
180502	1805	1805
180418	1804	1804
180417	1804	1804
180416	1804	1804
180415	1804	1804
180414	1804	1804
180413	1804	1804
180412	1804	1804
180410	1804	1804
180409	1804	1804
180408	1804	1804
180406	1804	1804
180405	1804	1804
180404	1804	1804
180403	1804	1804
180327	1803	1803
180326	1803	1803
180325	1803	1803
180324	1803	1803
180323	1803	1803
180322	1803	1803
180319	1803	1803
180317	1803	1803
180314	1803	1803
180313	1803	1803
180312	1803	1803
180309	1803	1803
180305	1803	1803
180304	1803	1803
180303	1803	1803
180301	1803	1803
180208	1802	1802
180206	1802	1802
180204	1802	1802
180202	1802	1802
180201	1802	1802
180123	1801	1801
180122	1801	1801
180121	1801	1801
180120	1801	1801
180118	1801	1801
180115	1801	1801
180114	1801	1801
180111	1801	1801
180110	1801	1801
180109	1801	1801
180107	1801	1801
180106	1801	1801
180104	1801	1801
180101	1801	1801
171438	1714	1714
171437	1714	1714
171436	1714	1714
171435	1714	1714
171434	1714	1714
171433	1714	1714
171432	1714	1714
171431	1714	1714
171429	1714	1714
171426	1714	1714
171420	1714	1714
171416	1714	1714
171415	1714	1714
171414	1714	1714
171410	1714	1714
171409	1714	1714
171406	1714	1714
171404	1714	1714
171403	1714	1714
171401	1714	1714
171320	1713	1713
171319	1713	1713
171317	1713	1713
171316	1713	1713
171315	1713	1713
171314	1713	1713
171313	1713	1713
171312	1713	1713
171311	1713	1713
171310	1713	1713
171305	1713	1713
171304	1713	1713
171303	1713	1713
171302	1713	1713
171236	1712	1712
171235	1712	1712
171234	1712	1712
171233	1712	1712
171232	1712	1712
171231	1712	1712
171230	1712	1712
171229	1712	1712
171227	1712	1712
171224	1712	1712
171223	1712	1712
171222	1712	1712
171221	1712	1712
171220	1712	1712
171219	1712	1712
171217	1712	1712
171216	1712	1712
171215	1712	1712
171212	1712	1712
171211	1712	1712
171209	1712	1712
171206	1712	1712
171205	1712	1712
171203	1712	1712
171201	1712	1712
171112	1711	1711
171111	1711	1711
171110	1711	1711
171106	1711	1711
171103	1711	1711
171102	1711	1711
171101	1711	1711
171017	1710	1710
171016	1710	1710
171015	1710	1710
171014	1710	1710
171013	1710	1710
171011	1710	1710
171009	1710	1710
171007	1710	1710
171005	1710	1710
171004	1710	1710
171002	1710	1710
171001	1710	1710
170909	1709	1709
170908	1709	1709
170906	1709	1709
170902	1709	1709
170901	1709	1709
170816	1708	1708
170815	1708	1708
170814	1708	1708
170813	1708	1708
170810	1708	1708
170809	1708	1708
170805	1708	1708
170802	1708	1708
170711	1707	1707
170710	1707	1707
170708	1707	1707
170705	1707	1707
170704	1707	1707
170703	1707	1707
170701	1707	1707
170643	1706	1706
170642	1706	1706
170641	1706	1706
170640	1706	1706
170639	1706	1706
170638	1706	1706
170637	1706	1706
170636	1706	1706
170635	1706	1706
170632	1706	1706
170631	1706	1706
170629	1706	1706
170627	1706	1706
170626	1706	1706
170625	1706	1706
170623	1706	1706
170619	1706	1706
170618	1706	1706
170616	1706	1706
170612	1706	1706
170609	1706	1706
170607	1706	1706
170604	1706	1706
170603	1706	1706
170601	1706	1706
170510	1705	1705
170509	1705	1705
170508	1705	1705
170505	1705	1705
170502	1705	1705
170501	1705	1705
170408	1704	1704
170407	1704	1704
170403	1704	1704
170402	1704	1704
170401	1704	1704
170361	1703	1703
170360	1703	1703
170359	1703	1703
170358	1703	1703
170357	1703	1703
170356	1703	1703
170355	1703	1703
170354	1703	1703
170353	1703	1703
170350	1703	1703
170349	1703	1703
170348	1703	1703
170347	1703	1703
170345	1703	1703
170344	1703	1703
170343	1703	1703
170341	1703	1703
170340	1703	1703
170334	1703	1703
170333	1703	1703
170331	1703	1703
170330	1703	1703
170329	1703	1703
170327	1703	1703
170324	1703	1703
170322	1703	1703
170321	1703	1703
170320	1703	1703
170318	1703	1703
170317	1703	1703
170316	1703	1703
170314	1703	1703
170313	1703	1703
170312	1703	1703
170310	1703	1703
170309	1703	1703
170305	1703	1703
170302	1703	1703
170301	1703	1703
170221	1702	1702
170220	1702	1702
170219	1702	1702
170218	1702	1702
170217	1702	1702
170215	1702	1702
170213	1702	1702
170210	1702	1702
170208	1702	1702
170203	1702	1702
170123	1701	1701
170122	1701	1701
170121	1701	1701
170120	1701	1701
170118	1701	1701
170117	1701	1701
170116	1701	1701
170114	1701	1701
170113	1701	1701
170112	1701	1701
170109	1701	1701
170108	1701	1701
170107	1701	1701
170101	1701	1701
161019	1610	1610
161018	1610	1610
161017	1610	1610
161016	1610	1610
161013	1610	1610
161012	1610	1610
161009	1610	1610
161007	1610	1610
161006	1610	1610
161004	1610	1610
161003	1610	1610
160948	1609	1609
160947	1609	1609
160946	1609	1609
160945	1609	1609
160944	1609	1609
160943	1609	1609
160942	1609	1609
160941	1609	1609
160940	1609	1609
160938	1609	1609
160935	1609	1609
160928	1609	1609
160926	1609	1609
160925	1609	1609
160923	1609	1609
160922	1609	1609
160920	1609	1609
160915	1609	1609
160914	1609	1609
160911	1609	1609
160910	1609	1609
160908	1609	1609
160905	1609	1609
160904	1609	1609
160903	1609	1609
160902	1609	1609
160901	1609	1609
160820	1608	1608
160819	1608	1608
160818	1608	1608
160817	1608	1608
160816	1608	1608
160812	1608	1608
160808	1608	1608
160806	1608	1608
160805	1608	1608
160803	1608	1608
160802	1608	1608
160760	1607	1607
160759	1607	1607
160758	1607	1607
160757	1607	1607
160756	1607	1607
160755	1607	1607
160754	1607	1607
160753	1607	1607
160752	1607	1607
160750	1607	1607
160747	1607	1607
160746	1607	1607
160745	1607	1607
160744	1607	1607
160743	1607	1607
160742	1607	1607
160740	1607	1607
160739	1607	1607
160737	1607	1607
160734	1607	1607
160729	1607	1607
160728	1607	1607
160727	1607	1607
160726	1607	1607
160724	1607	1607
160721	1607	1607
160719	1607	1607
160718	1607	1607
160717	1607	1607
160716	1607	1607
160714	1607	1607
160713	1607	1607
160710	1607	1607
160709	1607	1607
160708	1607	1607
160707	1607	1607
160704	1607	1607
160703	1607	1607
160701	1607	1607
160630	1606	1606
160629	1606	1606
160628	1606	1606
160627	1606	1606
160626	1606	1606
160624	1606	1606
160623	1606	1606
160619	1606	1606
160614	1606	1606
160613	1606	1606
160612	1606	1606
160611	1606	1606
160606	1606	1606
160604	1606	1606
160603	1606	1606
160602	1606	1606
160601	1606	1606
160526	1605	1605
160525	1605	1605
160524	1605	1605
160523	1605	1605
160522	1605	1605
160521	1605	1605
160520	1605	1605
160519	1605	1605
160515	1605	1605
160514	1605	1605
160513	1605	1605
160510	1605	1605
160507	1605	1605
160505	1605	1605
160503	1605	1605
160501	1605	1605
160440	1604	1604
160439	1604	1604
160438	1604	1604
160437	1604	1604
160436	1604	1604
160435	1604	1604
160434	1604	1604
160431	1604	1604
160428	1604	1604
160427	1604	1604
160424	1604	1604
160423	1604	1604
160422	1604	1604
160421	1604	1604
160420	1604	1604
160418	1604	1604
160415	1604	1604
160411	1604	1604
160410	1604	1604
160407	1604	1604
160406	1604	1604
160405	1604	1604
160404	1604	1604
160401	1604	1604
160323	1603	1603
160322	1603	1603
160321	1603	1603
160320	1603	1603
160319	1603	1603
160317	1603	1603
160313	1603	1603
160311	1603	1603
160308	1603	1603
160307	1603	1603
160305	1603	1603
160304	1603	1603
160301	1603	1603
160225	1602	1602
160224	1602	1602
160223	1602	1602
160222	1602	1602
160221	1602	1602
160220	1602	1602
160218	1602	1602
160217	1602	1602
160215	1602	1602
160214	1602	1602
160211	1602	1602
160209	1602	1602
160205	1602	1602
160201	1602	1602
160164	1601	1601
160163	1601	1601
160162	1601	1601
160161	1601	1601
160160	1601	1601
160159	1601	1601
160158	1601	1601
160157	1601	1601
160156	1601	1601
160155	1601	1601
160154	1601	1601
160153	1601	1601
160152	1601	1601
160149	1601	1601
160146	1601	1601
160145	1601	1601
160144	1601	1601
160142	1601	1601
160133	1601	1601
160131	1601	1601
160130	1601	1601
160128	1601	1601
160125	1601	1601
160124	1601	1601
160123	1601	1601
160122	1601	1601
160121	1601	1601
160115	1601	1601
160113	1601	1601
160109	1601	1601
160108	1601	1601
160106	1601	1601
160105	1601	1601
160104	1601	1601
160102	1601	1601
160101	1601	1601
151302	1513	1513
151301	1513	1513
151210	1512	1512
151209	1512	1512
151208	1512	1512
151207	1512	1512
151205	1512	1512
151103	1511	1511
151102	1511	1511
151101	1511	1511
151007	1510	1510
151006	1510	1510
151005	1510	1510
151002	1510	1510
150913	1509	1509
150912	1509	1509
150910	1509	1509
150907	1509	1509
150904	1509	1509
150903	1509	1509
150902	1509	1509
150901	1509	1509
150806	1508	1508
150804	1508	1508
150803	1508	1508
150802	1508	1508
150711	1507	1507
150710	1507	1507
150709	1507	1507
150704	1507	1507
150701	1507	1507
150608	1506	1506
150607	1506	1506
150603	1506	1506
150601	1506	1506
150506	1505	1505
150505	1505	1505
150503	1505	1505
150501	1505	1505
150411	1504	1504
150410	1504	1504
150409	1504	1504
150407	1504	1504
150315	1503	1503
150314	1503	1503
150313	1503	1503
150312	1503	1503
150303	1503	1503
150203	1502	1502
150202	1502	1502
150201	1502	1502
150107	1501	1501
150106	1501	1501
150105	1501	1501
150104	1501	1501
142122	1421	1421
142121	1421	1421
142120	1421	1421
142119	1421	1421
142115	1421	1421
142114	1421	1421
142113	1421	1421
142111	1421	1421
142106	1421	1421
142105	1421	1421
142104	1421	1421
142102	1421	1421
142101	1421	1421
142006	1420	1420
142003	1420	1420
142002	1420	1420
142001	1420	1420
141921	1419	1419
141920	1419	1419
141919	1419	1419
141918	1419	1419
141917	1419	1419
141916	1419	1419
141910	1419	1419
141909	1419	1419
141904	1419	1419
141902	1419	1419
141821	1418	1418
141820	1418	1418
141819	1418	1418
141818	1418	1418
141817	1418	1418
141814	1418	1418
141813	1418	1418
141809	1418	1418
141808	1418	1418
141804	1418	1418
141802	1418	1418
141704	1417	1417
141703	1417	1417
141702	1417	1417
141701	1417	1417
141634	1416	1416
141633	1416	1416
141632	1416	1416
141631	1416	1416
141630	1416	1416
141629	1416	1416
141628	1416	1416
141625	1416	1416
141616	1416	1416
141614	1416	1416
141613	1416	1416
141608	1416	1416
141607	1416	1416
141606	1416	1416
141605	1416	1416
141604	1416	1416
141602	1416	1416
141601	1416	1416
141508	1415	1415
141507	1415	1415
141503	1415	1415
141502	1415	1415
141418	1414	1414
141417	1414	1414
141416	1414	1414
141415	1414	1414
141411	1414	1414
141410	1414	1414
141408	1414	1414
141405	1414	1414
141402	1414	1414
141401	1414	1414
141309	1413	1413
141307	1413	1413
141305	1413	1413
141304	1413	1413
141303	1413	1413
141302	1413	1413
141203	1412	1412
141202	1412	1412
141201	1412	1412
141111	1411	1411
141110	1411	1411
141107	1411	1411
141106	1411	1411
141104	1411	1411
141103	1411	1411
141101	1411	1411
141003	1410	1410
141002	1410	1410
140909	1409	1409
140908	1409	1409
140907	1409	1409
140905	1409	1409
140903	1409	1409
140902	1409	1409
140803	1408	1408
140802	1408	1408
140801	1408	1408
140709	1407	1407
140708	1407	1407
140707	1407	1407
140705	1407	1407
140704	1407	1407
140610	1406	1406
140609	1406	1406
140608	1406	1406
140607	1406	1406
140605	1406	1406
140604	1406	1406
140504	1405	1405
140503	1405	1405
140502	1405	1405
140501	1405	1405
140401	1404	1404
140304	1403	1403
140303	1403	1403
140302	1403	1403
140301	1403	1403
140212	1402	1402
140211	1402	1402
140209	1402	1402
140208	1402	1402
140207	1402	1402
140206	1402	1402
140202	1402	1402
140124	1401	1401
140123	1401	1401
140122	1401	1401
140121	1401	1401
140120	1401	1401
140119	1401	1401
140118	1401	1401
140115	1401	1401
140108	1401	1401
140107	1401	1401
140106	1401	1401
140105	1401	1401
140104	1401	1401
131811	1318	1318
131810	1318	1318
131809	1318	1318
131808	1318	1318
131806	1318	1318
131731	1317	1317
131730	1317	1317
131729	1317	1317
131728	1317	1317
131727	1317	1317
131726	1317	1317
131725	1317	1317
131723	1317	1317
131717	1317	1317
131712	1317	1317
131709	1317	1317
131704	1317	1317
131703	1317	1317
131702	1317	1317
131701	1317	1317
131637	1316	1316
131636	1316	1316
131635	1316	1316
131634	1316	1316
131633	1316	1316
131632	1316	1316
131631	1316	1316
131630	1316	1316
131628	1316	1316
131627	1316	1316
131617	1316	1316
131616	1316	1316
131614	1316	1316
131613	1316	1316
131612	1316	1316
131611	1316	1316
131610	1316	1316
131607	1316	1316
131604	1316	1316
131603	1316	1316
131602	1316	1316
131506	1315	1315
131505	1315	1315
131503	1315	1315
131501	1315	1315
131437	1314	1314
131436	1314	1314
131435	1314	1314
131434	1314	1314
131433	1314	1314
131432	1314	1314
131430	1314	1314
131419	1314	1314
131418	1314	1314
131416	1314	1314
131413	1314	1314
131405	1314	1314
131402	1314	1314
131401	1314	1314
131315	1313	1313
131314	1313	1313
131313	1313	1313
131311	1313	1313
131308	1313	1313
131307	1313	1313
131305	1313	1313
131218	1312	1312
131217	1312	1312
131216	1312	1312
131211	1312	1312
131210	1312	1312
131203	1312	1312
131202	1312	1312
131143	1311	1311
131142	1311	1311
131141	1311	1311
131140	1311	1311
131139	1311	1311
131138	1311	1311
131136	1311	1311
131134	1311	1311
131133	1311	1311
131132	1311	1311
131129	1311	1311
131128	1311	1311
131125	1311	1311
131122	1311	1311
131121	1311	1311
131115	1311	1311
131113	1311	1311
131112	1311	1311
131110	1311	1311
131109	1311	1311
131108	1311	1311
131107	1311	1311
131106	1311	1311
131105	1311	1311
131104	1311	1311
131103	1311	1311
131102	1311	1311
131101	1311	1311
131025	1310	1310
131024	1310	1310
131022	1310	1310
131021	1310	1310
131020	1310	1310
131019	1310	1310
131018	1310	1310
131017	1310	1310
131014	1310	1310
131013	1310	1310
131011	1310	1310
131010	1310	1310
131009	1310	1310
131008	1310	1310
131004	1310	1310
131003	1310	1310
131002	1310	1310
131001	1310	1310
130919	1309	1309
130918	1309	1309
130917	1309	1309
130916	1309	1309
130914	1309	1309
130913	1309	1309
130910	1309	1309
130908	1309	1309
130906	1309	1309
130905	1309	1309
130904	1309	1309
130902	1309	1309
130814	1308	1308
130813	1308	1308
130812	1308	1308
130811	1308	1308
130741	1307	1307
130740	1307	1307
130739	1307	1307
130738	1307	1307
130737	1307	1307
130736	1307	1307
130735	1307	1307
130734	1307	1307
130733	1307	1307
130732	1307	1307
130730	1307	1307
130724	1307	1307
130723	1307	1307
130722	1307	1307
130705	1307	1307
130704	1307	1307
130620	1306	1306
130619	1306	1306
130618	1306	1306
130617	1306	1306
130616	1306	1306
130613	1306	1306
130609	1306	1306
130608	1306	1306
130603	1306	1306
130601	1306	1306
130532	1305	1305
130531	1305	1305
130530	1305	1305
130529	1305	1305
130528	1305	1305
130527	1305	1305
130526	1305	1305
130525	1305	1305
130524	1305	1305
130515	1305	1305
130513	1305	1305
130512	1305	1305
130510	1305	1305
130504	1305	1305
130502	1305	1305
130416	1304	1304
130415	1304	1304
130414	1304	1304
130413	1304	1304
130412	1304	1304
130408	1304	1304
130405	1304	1304
130341	1303	1303
130340	1303	1303
130339	1303	1303
130338	1303	1303
130337	1303	1303
130336	1303	1303
130335	1303	1303
130334	1303	1303
130324	1303	1303
130319	1303	1303
130318	1303	1303
130317	1303	1303
130315	1303	1303
130314	1303	1303
130313	1303	1303
130307	1303	1303
130306	1303	1303
130305	1303	1303
130302	1303	1303
130301	1303	1303
130226	1302	1302
130225	1302	1302
130224	1302	1302
130223	1302	1302
130222	1302	1302
130221	1302	1302
130220	1302	1302
130219	1302	1302
130215	1302	1302
130208	1302	1302
130207	1302	1302
130206	1302	1302
130205	1302	1302
130204	1302	1302
130148	1301	1301
130147	1301	1301
130146	1301	1301
130145	1301	1301
130144	1301	1301
130143	1301	1301
130142	1301	1301
130141	1301	1301
130139	1301	1301
130138	1301	1301
130136	1301	1301
130135	1301	1301
130134	1301	1301
130129	1301	1301
130128	1301	1301
130126	1301	1301
130123	1301	1301
130121	1301	1301
130120	1301	1301
130119	1301	1301
130118	1301	1301
130117	1301	1301
130115	1301	1301
130112	1301	1301
130107	1301	1301
130103	1301	1301
121504	1215	1215
121503	1215	1215
121502	1215	1215
121501	1215	1215
121413	1214	1214
121412	1214	1214
121411	1214	1214
121410	1214	1214
121404	1214	1214
121402	1214	1214
121401	1214	1214
121308	1213	1213
121305	1213	1213
121304	1213	1213
121302	1213	1213
121301	1213	1213
121212	1212	1212
121211	1212	1212
121210	1212	1212
121208	1212	1212
121207	1212	1212
121205	1212	1212
121201	1212	1212
121104	1211	1211
121103	1211	1211
121102	1211	1211
121101	1211	1211
121004	1210	1210
121003	1210	1210
121002	1210	1210
121001	1210	1210
120906	1209	1209
120905	1209	1209
120903	1209	1209
120902	1209	1209
120803	1208	1208
120802	1208	1208
120801	1208	1208
120715	1207	1207
120714	1207	1207
120713	1207	1207
120712	1207	1207
120708	1207	1207
120707	1207	1207
120706	1207	1207
120607	1206	1206
120605	1206	1206
120604	1206	1206
120601	1206	1206
120504	1205	1205
120503	1205	1205
120502	1205	1205
120501	1205	1205
120403	1204	1204
120402	1204	1204
120401	1204	1204
120310	1203	1203
120309	1203	1203
120306	1203	1203
120305	1203	1203
120303	1203	1203
120302	1203	1203
120203	1202	1202
120202	1202	1202
120201	1202	1202
120104	1201	1201
120103	1201	1201
120102	1201	1201
120101	1201	1201
111610	1116	1116
111609	1116	1116
111608	1116	1116
111603	1116	1116
111517	1115	1115
111516	1115	1115
111515	1115	1115
111514	1115	1115
111513	1115	1115
111512	1115	1115
111415	1114	1114
111414	1114	1114
111413	1114	1114
111412	1114	1114
111409	1114	1114
111408	1114	1114
111326	1113	1113
111325	1113	1113
111324	1113	1113
111323	1113	1113
111322	1113	1113
111321	1113	1113
111318	1113	1113
111317	1113	1113
111316	1113	1113
111314	1113	1113
111311	1113	1113
111310	1113	1113
111306	1113	1113
111203	1112	1112
111202	1112	1112
111201	1112	1112
111128	1111	1111
111127	1111	1111
111126	1111	1111
111125	1111	1111
111124	1111	1111
111123	1111	1111
111122	1111	1111
111115	1111	1111
111108	1111	1111
111105	1111	1111
111102	1111	1111
111014	1110	1110
111013	1110	1110
111012	1110	1110
111010	1110	1110
111002	1110	1110
110922	1109	1109
110921	1109	1109
110920	1109	1109
110919	1109	1109
110918	1109	1109
110913	1109	1109
110911	1109	1109
110909	1109	1109
110906	1109	1109
110904	1109	1109
110902	1109	1109
110814	1108	1108
110813	1108	1108
110812	1108	1108
110810	1108	1108
110808	1108	1108
110806	1108	1108
110805	1108	1108
110803	1108	1108
110731	1107	1107
110730	1107	1107
110729	1107	1107
110728	1107	1107
110727	1107	1107
110726	1107	1107
110708	1107	1107
110707	1107	1107
110705	1107	1107
110702	1107	1107
110667	1106	1106
110666	1106	1106
110665	1106	1106
110664	1106	1106
110663	1106	1106
110662	1106	1106
110661	1106	1106
110660	1106	1106
110659	1106	1106
110658	1106	1106
110657	1106	1106
110656	1106	1106
110655	1106	1106
110654	1106	1106
110639	1106	1106
110633	1106	1106
110621	1106	1106
110618	1106	1106
110611	1106	1106
110610	1106	1106
110608	1106	1106
110607	1106	1106
110602	1106	1106
110601	1106	1106
110508	1105	1105
110507	1105	1105
110506	1105	1105
110501	1105	1105
110413	1104	1104
110412	1104	1104
110411	1104	1104
110410	1104	1104
110409	1104	1104
110407	1104	1104
110401	1104	1104
110310	1103	1103
110307	1103	1103
110306	1103	1103
110304	1103	1103
110303	1103	1103
110302	1103	1103
110301	1103	1103
110204	1102	1102
110203	1102	1102
110202	1102	1102
110201	1102	1102
110121	1101	1101
110120	1101	1101
110119	1101	1101
110118	1101	1101
110117	1101	1101
110114	1101	1101
110113	1101	1101
110109	1101	1101
110108	1101	1101
110107	1101	1101
110106	1101	1101
101616	1016	1016
101615	1016	1016
101614	1016	1016
101613	1016	1016
101610	1016	1016
101609	1016	1016
101608	1016	1016
101606	1016	1016
101605	1016	1016
101602	1016	1016
101519	1015	1015
101518	1015	1015
101515	1015	1015
101514	1015	1015
101513	1015	1015
101510	1015	1015
101509	1015	1015
101508	1015	1015
101506	1015	1015
101505	1015	1015
101504	1015	1015
101503	1015	1015
101501	1015	1015
101407	1014	1014
101406	1014	1014
101405	1014	1014
101402	1014	1014
101303	1013	1013
101302	1013	1013
101301	1013	1013
101210	1012	1012
101209	1012	1012
101208	1012	1012
101207	1012	1012
101203	1012	1012
101202	1012	1012
101201	1012	1012
101103	1011	1011
101102	1011	1011
101101	1011	1011
101003	1010	1010
101002	1010	1010
101001	1010	1010
100940	1009	1009
100939	1009	1009
100938	1009	1009
100937	1009	1009
100936	1009	1009
100935	1009	1009
100934	1009	1009
100933	1009	1009
100932	1009	1009
100926	1009	1009
100925	1009	1009
100921	1009	1009
100915	1009	1009
100913	1009	1009
100909	1009	1009
100907	1009	1009
100902	1009	1009
100901	1009	1009
100806	1008	1008
100803	1008	1008
100802	1008	1008
100801	1008	1008
100703	1007	1007
100619	1006	1006
100618	1006	1006
100617	1006	1006
100615	1006	1006
100611	1006	1006
100609	1006	1006
100608	1006	1006
100607	1006	1006
100606	1006	1006
100604	1006	1006
100602	1006	1006
100601	1006	1006
100506	1005	1005
100505	1005	1005
100503	1005	1005
100502	1005	1005
100404	1004	1004
100403	1004	1004
100402	1004	1004
100401	1004	1004
100309	1003	1003
100307	1003	1003
100306	1003	1003
100304	1003	1003
100303	1003	1003
100301	1003	1003
100209	1002	1002
100208	1002	1002
100205	1002	1002
100204	1002	1002
100201	1002	1002
100123	1001	1001
100122	1001	1001
100121	1001	1001
100120	1001	1001
100116	1001	1001
100114	1001	1001
100112	1001	1001
100109	1001	1001
100108	1001	1001
100106	1001	1001
100105	1001	1001
100104	1001	1001
100102	1001	1001
091419	914	914
091418	914	914
091416	914	914
091415	914	914
091414	914	914
091412	914	914
091411	914	914
091410	914	914
091407	914	914
091405	914	914
091404	914	914
091403	914	914
091402	914	914
091401	914	914
091335	913	913
091334	913	913
091333	913	913
091332	913	913
091331	913	913
091330	913	913
091325	913	913
091321	913	913
091316	913	913
091315	913	913
091314	913	913
091313	913	913
091312	913	913
091311	913	913
091310	913	913
091309	913	913
091307	913	913
091305	913	913
091304	913	913
091303	913	913
091301	913	913
091236	912	912
091235	912	912
091234	912	912
091233	912	912
091232	912	912
091231	912	912
091230	912	912
091228	912	912
091225	912	912
091224	912	912
091221	912	912
091219	912	912
091216	912	912
091213	912	912
091212	912	912
091210	912	912
091209	912	912
091208	912	912
091207	912	912
091205	912	912
091201	912	912
091147	911	911
091146	911	911
091145	911	911
091144	911	911
091143	911	911
091142	911	911
091141	911	911
091139	911	911
091138	911	911
091136	911	911
091134	911	911
091133	911	911
091127	911	911
091126	911	911
091125	911	911
091124	911	911
091123	911	911
091120	911	911
091118	911	911
091114	911	911
091113	911	911
091112	911	911
091111	911	911
091110	911	911
091109	911	911
091107	911	911
091106	911	911
091103	911	911
091102	911	911
091101	911	911
091035	910	910
091034	910	910
091033	910	910
091032	910	910
091031	910	910
091030	910	910
091029	910	910
091028	910	910
091027	910	910
091024	910	910
091018	910	910
091017	910	910
091015	910	910
091014	910	910
091013	910	910
091012	910	910
091010	910	910
091009	910	910
090919	909	909
090918	909	909
090917	909	909
090915	909	909
090914	909	909
090912	909	909
090908	909	909
090907	909	909
090905	909	909
090902	909	909
090901	909	909
090804	908	908
090803	908	908
090802	908	908
090801	908	908
090766	907	907
090765	907	907
090764	907	907
090763	907	907
090762	907	907
090761	907	907
090760	907	907
090759	907	907
090758	907	907
090757	907	907
090753	907	907
090752	907	907
090751	907	907
090750	907	907
090749	907	907
090748	907	907
090747	907	907
090746	907	907
090744	907	907
090738	907	907
090734	907	907
090732	907	907
090730	907	907
090729	907	907
090728	907	907
090725	907	907
090724	907	907
090723	907	907
090722	907	907
090721	907	907
090718	907	907
090717	907	907
090716	907	907
090714	907	907
090713	907	907
090712	907	907
090711	907	907
090709	907	907
090708	907	907
090706	907	907
090705	907	907
090704	907	907
090703	907	907
090628	906	906
090627	906	906
090626	906	906
090625	906	906
090624	906	906
090623	906	906
090621	906	906
090620	906	906
090619	906	906
090617	906	906
090614	906	906
090613	906	906
090612	906	906
090605	906	906
090603	906	906
090602	906	906
090519	905	905
090518	905	905
090517	905	905
090512	905	905
090511	905	905
090510	905	905
090509	905	905
090507	905	905
090505	905	905
090504	905	905
090502	905	905
090501	905	905
090422	904	904
090421	904	904
090420	904	904
090419	904	904
090418	904	904
090415	904	904
090410	904	904
090408	904	904
090406	904	904
090403	904	904
090326	903	903
090325	903	903
090324	903	903
090323	903	903
090322	903	903
090318	903	903
090314	903	903
090312	903	903
090311	903	903
090310	903	903
090309	903	903
090308	903	903
090307	903	903
090306	903	903
090304	903	903
090302	903	903
090236	902	902
090235	902	902
090234	902	902
090233	902	902
090232	902	902
090231	902	902
090230	902	902
090229	902	902
090227	902	902
090224	902	902
090219	902	902
090213	902	902
090210	902	902
090209	902	902
090207	902	902
090203	902	902
090116	901	901
090115	901	901
090114	901	901
090110	901	901
090109	901	901
090107	901	901
090106	901	901
090105	901	901
090103	901	901
090102	901	901
081603	816	816
081602	816	816
081601	816	816
081506	815	815
081504	815	815
081502	815	815
081501	815	815
081412	814	814
081411	814	814
081410	814	814
081408	814	814
081404	814	814
081401	814	814
081310	813	813
081309	813	813
081307	813	813
081306	813	813
081305	813	813
081303	813	813
081201	812	812
081103	811	811
081102	811	811
081101	811	811
081006	810	810
081005	810	810
081004	810	810
081003	810	810
080903	809	809
080902	809	809
080901	809	809
080812	808	808
080809	808	808
080808	808	808
080807	808	808
080805	808	808
080804	808	808
080803	808	808
080802	808	808
080801	808	808
080708	807	807
080707	807	807
080704	807	807
080703	807	807
080608	806	806
080607	806	806
080604	806	806
080602	806	806
080508	805	805
080507	805	805
080506	805	805
080503	805	805
080404	804	804
080403	804	804
080402	804	804
080401	804	804
080304	803	803
080303	803	803
080302	803	803
080301	803	803
080206	802	802
080205	802	802
080203	802	802
080202	802	802
080106	801	801
080104	801	801
080103	801	801
080102	801	801
071406	714	714
071404	714	714
071402	714	714
071401	714	714
071303	713	713
071302	713	713
071301	713	713
071202	712	712
071201	712	712
071106	711	711
071104	711	711
071103	711	711
071102	711	711
071002	710	710
071001	710	710
070910	709	709
070909	709	709
070908	709	709
070906	709	709
070905	709	709
070903	709	709
070803	708	708
070802	708	708
070801	708	708
070704	707	707
070703	707	707
070702	707	707
070701	707	707
070612	706	706
070611	706	706
070610	706	706
070607	706	706
070606	706	706
070605	706	706
070601	706	706
070527	705	705
070526	705	705
070525	705	705
070524	705	705
070523	705	705
070522	705	705
070515	705	705
070513	705	705
070509	705	705
070506	705	705
070503	705	705
070502	705	705
070417	704	704
070416	704	704
070415	704	704
070414	704	704
070413	704	704
070411	704	704
070404	704	704
070402	704	704
070401	704	704
070304	703	703
070303	703	703
070302	703	703
070301	703	703
070209	702	702
070208	702	702
070206	702	702
070202	702	702
070201	702	702
070107	701	701
070105	701	701
070104	701	701
070103	701	701
061704	617	617
061703	617	617
061702	617	617
061701	617	617
061619	616	616
061618	616	616
061617	616	616
061616	616	616
061614	616	616
061612	616	616
061611	616	616
061609	616	616
061608	616	616
061603	616	616
061602	616	616
061514	615	615
061513	615	615
061512	615	615
061511	615	615
061510	615	615
061509	615	615
061508	615	615
061506	615	615
061504	615	615
061501	615	615
061407	614	614
061403	614	614
061402	614	614
061401	614	614
061314	613	613
061313	613	613
061312	613	613
061310	613	613
061307	613	613
061304	613	613
061302	613	613
061301	613	613
061212	612	612
061211	612	612
061209	612	612
061207	612	612
061206	612	612
061204	612	612
061202	612	612
061201	612	612
061126	611	611
061125	611	611
061124	611	611
061123	611	611
061122	611	611
061119	611	611
061118	611	611
061115	611	611
061111	611	611
061110	611	611
061109	611	611
061106	611	611
061104	611	611
061103	611	611
061102	611	611
061101	611	611
061016	610	610
061015	610	610
061014	610	610
061011	610	610
061010	610	610
061009	610	610
061008	610	610
061006	610	610
061005	610	610
061003	610	610
061002	610	610
060906	609	609
060905	609	609
060902	609	609
060901	609	609
060804	608	608
060803	608	608
060802	608	608
060801	608	608
060708	607	607
060707	607	607
060706	607	607
060704	607	607
060606	606	606
060605	606	606
060604	606	606
060601	606	606
060524	605	605
060523	605	605
060522	605	605
060521	605	605
060520	605	605
060519	605	605
060518	605	605
060515	605	605
060514	605	605
060513	605	605
060512	605	605
060508	605	605
060507	605	605
060502	605	605
060413	604	604
060412	604	604
060411	604	604
060410	604	604
060407	604	604
060406	604	604
060401	604	604
060341	603	603
060340	603	603
060339	603	603
060338	603	603
060337	603	603
060336	603	603
060335	603	603
060334	603	603
060333	603	603
060332	603	603
060329	603	603
060324	603	603
060320	603	603
060318	603	603
060312	603	603
060311	603	603
060309	603	603
060301	603	603
060224	602	602
060223	602	602
060222	602	602
060221	602	602
060220	602	602
060218	602	602
060215	602	602
060214	602	602
060209	602	602
060208	602	602
060207	602	602
060205	602	602
060203	602	602
060201	602	602
060122	601	601
060121	601	601
060120	601	601
060119	601	601
060116	601	601
060115	601	601
060114	601	601
060113	601	601
060112	601	601
060111	601	601
060109	601	601
060105	601	601
060104	601	601
060102	601	601
051104	511	511
051103	511	511
051102	511	511
051101	511	511
051003	510	510
051002	510	510
051001	510	510
050917	509	509
050916	509	509
050915	509	509
050914	509	509
050913	509	509
050912	509	509
050911	509	509
050903	509	509
050902	509	509
050901	509	509
050808	508	508
050807	508	508
050805	508	508
050802	508	508
050714	507	507
050713	507	507
050712	507	507
050711	507	507
050710	507	507
050708	507	507
050707	507	507
050706	507	507
050704	507	507
050614	506	506
050613	506	506
050611	506	506
050610	506	506
050609	506	506
050607	506	506
050606	506	506
050605	506	506
050603	506	506
050601	506	506
050521	505	505
050520	505	505
050519	505	505
050518	505	505
050516	505	505
050514	505	505
050512	505	505
050511	505	505
050510	505	505
050509	505	505
050506	505	505
050505	505	505
050502	505	505
050436	504	504
050435	504	504
050434	504	504
050433	504	504
050432	504	504
050431	504	504
050427	504	504
050426	504	504
050425	504	504
050424	504	504
050421	504	504
050420	504	504
050419	504	504
050416	504	504
050413	504	504
050412	504	504
050411	504	504
050410	504	504
050408	504	504
050406	504	504
050403	504	504
050402	504	504
050401	504	504
050338	503	503
050337	503	503
050336	503	503
050335	503	503
050334	503	503
050333	503	503
050332	503	503
050327	503	503
050325	503	503
050324	503	503
050322	503	503
050318	503	503
050315	503	503
050314	503	503
050312	503	503
050311	503	503
050310	503	503
050309	503	503
050308	503	503
050305	503	503
050302	503	503
050231	502	502
050230	502	502
050229	502	502
050228	502	502
050227	502	502
050226	502	502
050225	502	502
050223	502	502
050222	502	502
050221	502	502
050220	502	502
050216	502	502
050214	502	502
050212	502	502
050211	502	502
050205	502	502
050203	502	502
050202	502	502
050201	502	502
050106	501	501
050105	501	501
050104	501	501
050102	501	501
041243	412	412
041242	412	412
041241	412	412
041240	412	412
041239	412	412
041238	412	412
041237	412	412
041236	412	412
041235	412	412
041234	412	412
041233	412	412
041232	412	412
041230	412	412
041229	412	412
041227	412	412
041226	412	412
041221	412	412
041219	412	412
041216	412	412
041215	412	412
041208	412	412
041207	412	412
041206	412	412
041204	412	412
041203	412	412
041201	412	412
041117	411	411
041116	411	411
041115	411	411
041114	411	411
041113	411	411
041110	411	411
041109	411	411
041108	411	411
041107	411	411
041103	411	411
041024	410	410
041023	410	410
041022	410	410
041021	410	410
041020	410	410
041015	410	410
041014	410	410
041013	410	410
041012	410	410
041011	410	410
041010	410	410
041009	410	410
041005	410	410
041002	410	410
040921	409	409
040920	409	409
040919	409	409
040918	409	409
040916	409	409
040913	409	409
040911	409	409
040910	409	409
040909	409	409
040906	409	409
040905	409	409
040903	409	409
040901	409	409
040832	408	408
040831	408	408
040830	408	408
040829	408	408
040826	408	408
040822	408	408
040821	408	408
040820	408	408
040819	408	408
040817	408	408
040815	408	408
040813	408	408
040812	408	408
040811	408	408
040809	408	408
040808	408	408
040807	408	408
040804	408	408
040803	408	408
040802	408	408
040801	408	408
040742	407	407
040741	407	407
040740	407	407
040739	407	407
040738	407	407
040734	407	407
040733	407	407
040732	407	407
040731	407	407
040730	407	407
040729	407	407
040728	407	407
040727	407	407
040724	407	407
040722	407	407
040721	407	407
040720	407	407
040718	407	407
040716	407	407
040714	407	407
040713	407	407
040712	407	407
040711	407	407
040710	407	407
040709	407	407
040708	407	407
040704	407	407
040703	407	407
040702	407	407
040701	407	407
040621	406	406
040620	406	406
040619	406	406
040618	406	406
040616	406	406
040613	406	406
040612	406	406
040611	406	406
040609	406	406
040608	406	406
040607	406	406
040605	406	406
040604	406	406
040544	405	405
040543	405	405
040542	405	405
040541	405	405
040540	405	405
040539	405	405
040538	405	405
040536	405	405
040534	405	405
040533	405	405
040532	405	405
040530	405	405
040528	405	405
040526	405	405
040524	405	405
040523	405	405
040521	405	405
040520	405	405
040519	405	405
040518	405	405
040517	405	405
040516	405	405
040515	405	405
040514	405	405
040511	405	405
040510	405	405
040509	405	405
040507	405	405
040503	405	405
040502	405	405
040408	404	404
040407	404	404
040406	404	404
040404	404	404
040323	403	403
040322	403	403
040321	403	403
040320	403	403
040318	403	403
040316	403	403
040314	403	403
040313	403	403
040312	403	403
040311	403	403
040309	403	403
040308	403	403
040306	403	403
040304	403	403
040257	402	402
040256	402	402
040255	402	402
040254	402	402
040253	402	402
040252	402	402
040251	402	402
040250	402	402
040249	402	402
040248	402	402
040247	402	402
040246	402	402
040244	402	402
040241	402	402
040240	402	402
040239	402	402
040236	402	402
040234	402	402
040233	402	402
040232	402	402
040230	402	402
040229	402	402
040226	402	402
040225	402	402
040224	402	402
040221	402	402
040219	402	402
040218	402	402
040217	402	402
040216	402	402
040215	402	402
040213	402	402
040212	402	402
040210	402	402
040209	402	402
040206	402	402
040204	402	402
040203	402	402
040201	402	402
040126	401	401
040125	401	401
040124	401	401
040123	401	401
040122	401	401
040121	401	401
040120	401	401
040119	401	401
040118	401	401
040111	401	401
040103	401	401
040102	401	401
031409	314	314
031408	314	314
031403	314	314
031402	314	314
031401	314	314
031370	313	313
031369	313	313
031368	313	313
031367	313	313
031366	313	313
031365	313	313
031364	313	313
031363	313	313
031362	313	313
031361	313	313
031360	313	313
031359	313	313
031355	313	313
031354	313	313
031352	313	313
031350	313	313
031342	313	313
031340	313	313
031337	313	313
031335	313	313
031331	313	313
031330	313	313
031328	313	313
031325	313	313
031324	313	313
031323	313	313
031317	313	313
031316	313	313
031313	313	313
031311	313	313
031309	313	313
031308	313	313
031304	313	313
031260	312	312
031259	312	312
031258	312	312
031257	312	312
031256	312	312
031255	312	312
031254	312	312
031253	312	312
031252	312	312
031251	312	312
031250	312	312
031249	312	312
031247	312	312
031242	312	312
031241	312	312
031239	312	312
031235	312	312
031234	312	312
031233	312	312
031232	312	312
031230	312	312
031227	312	312
031225	312	312
031224	312	312
031223	312	312
031221	312	312
031219	312	312
031216	312	312
031215	312	312
031213	312	312
031212	312	312
031210	312	312
031206	312	312
031204	312	312
031126	311	311
031125	311	311
031124	311	311
031123	311	311
031122	311	311
031120	311	311
031118	311	311
031115	311	311
031113	311	311
031112	311	311
031111	311	311
031110	311	311
031109	311	311
031108	311	311
031107	311	311
031105	311	311
031020	310	310
031019	310	310
031018	310	310
031017	310	310
031015	310	310
031014	310	310
031013	310	310
031012	310	310
031010	310	310
031009	310	310
031008	310	310
031004	310	310
031003	310	310
031001	310	310
030935	309	309
030934	309	309
030933	309	309
030932	309	309
030931	309	309
030930	309	309
030929	309	309
030927	309	309
030926	309	309
030925	309	309
030924	309	309
030923	309	309
030922	309	309
030921	309	309
030919	309	309
030917	309	309
030915	309	309
030914	309	309
030913	309	309
030912	309	309
030908	309	309
030906	309	309
030891	308	308
030890	308	308
030889	308	308
030888	308	308
030887	308	308
030886	308	308
030885	308	308
030884	308	308
030883	308	308
030882	308	308
030881	308	308
030880	308	308
030879	308	308
030878	308	308
030877	308	308
030876	308	308
030875	308	308
030871	308	308
030868	308	308
030866	308	308
030865	308	308
030858	308	308
030857	308	308
030854	308	308
030850	308	308
030842	308	308
030840	308	308
030838	308	308
030837	308	308
030836	308	308
030835	308	308
030832	308	308
030831	308	308
030830	308	308
030828	308	308
030827	308	308
030824	308	308
030823	308	308
030821	308	308
030820	308	308
030815	308	308
030813	308	308
030812	308	308
030808	308	308
030807	308	308
030806	308	308
030804	308	308
030801	308	308
030744	307	307
030743	307	307
030742	307	307
030741	307	307
030740	307	307
030739	307	307
030738	307	307
030737	307	307
030736	307	307
030733	307	307
030730	307	307
030729	307	307
030728	307	307
030726	307	307
030725	307	307
030724	307	307
030723	307	307
030722	307	307
030719	307	307
030716	307	307
030714	307	307
030712	307	307
030709	307	307
030708	307	307
030705	307	307
030620	306	306
030619	306	306
030618	306	306
030617	306	306
030616	306	306
030615	306	306
030610	306	306
030608	306	306
030601	306	306
030527	305	305
030526	305	305
030525	305	305
030524	305	305
030523	305	305
030521	305	305
030520	305	305
030518	305	305
030517	305	305
030515	305	305
030510	305	305
030508	305	305
030503	305	305
030502	305	305
030501	305	305
030421	304	304
030420	304	304
030419	304	304
030418	304	304
030415	304	304
030413	304	304
030408	304	304
030407	304	304
030406	304	304
030405	304	304
030404	304	304
030401	304	304
030381	303	303
030380	303	303
030379	303	303
030378	303	303
030377	303	303
030376	303	303
030375	303	303
030374	303	303
030373	303	303
030372	303	303
030371	303	303
030370	303	303
030369	303	303
030368	303	303
030367	303	303
030366	303	303
030365	303	303
030364	303	303
030363	303	303
030357	303	303
030356	303	303
030355	303	303
030354	303	303
030351	303	303
030349	303	303
030338	303	303
030336	303	303
030334	303	303
030331	303	303
030330	303	303
030325	303	303
030322	303	303
030319	303	303
030315	303	303
030313	303	303
030312	303	303
030301	303	303
0302FH	03	03
0302FG	03	03
0302FF	03	03
0302FE	03	03
0302FD	03	03
0302FC	03	03
0302FB	03	03
0302FA	03	03
030299	302	302
030298	302	302
030297	302	302
030296	302	302
030295	302	302
030294	302	302
030293	302	302
030292	302	302
030291	302	302
030290	302	302
030287	302	302
030283	302	302
030282	302	302
030279	302	302
030277	302	302
030272	302	302
030268	302	302
030265	302	302
030264	302	302
030263	302	302
030261	302	302
030260	302	302
030259	302	302
030257	302	302
030256	302	302
030255	302	302
030254	302	302
030252	302	302
030247	302	302
030245	302	302
030244	302	302
030243	302	302
030242	302	302
030237	302	302
030235	302	302
030234	302	302
030228	302	302
030224	302	302
030221	302	302
030220	302	302
030218	302	302
030216	302	302
030215	302	302
030213	302	302
030212	302	302
030210	302	302
030209	302	302
030208	302	302
030206	302	302
030205	302	302
030203	302	302
030202	302	302
030201	302	302
030129	301	301
030128	301	301
030127	301	301
030126	301	301
030125	301	301
030120	301	301
030119	301	301
030118	301	301
030113	301	301
030112	301	301
030111	301	301
030108	301	301
030107	301	301
030105	301	301
030104	301	301
030102	301	301
021404	214	214
021403	214	214
021402	214	214
021401	214	214
021309	213	213
021308	213	213
021307	213	213
021303	213	213
021302	213	213
021208	212	212
021207	212	212
021206	212	212
021203	212	212
021122	211	211
021121	211	211
021120	211	211
021119	211	211
021118	211	211
021117	211	211
021116	211	211
021115	211	211
021111	211	211
021107	211	211
021106	211	211
021103	211	211
021102	211	211
021010	210	210
021009	210	210
021008	210	210
021002	210	210
021001	210	210
020910	209	209
020906	209	209
020905	209	209
020904	209	209
020903	209	209
020902	209	209
020901	209	209
020808	208	208
020807	208	208
020804	208	208
020803	208	208
020704	207	207
020703	207	207
020702	207	207
020701	207	207
020606	206	206
020605	206	206
020604	206	206
020603	206	206
020524	205	205
020523	205	205
020522	205	205
020521	205	205
020520	205	205
020519	205	205
020516	205	205
020510	205	205
020506	205	205
020504	205	205
020503	205	205
020502	205	205
020401	204	204
020302	203	203
020301	203	203
020210	202	202
020209	202	202
020208	202	202
020206	202	202
020205	202	202
020203	202	202
020106	201	201
020104	201	201
020103	201	201
020102	201	201
011910	119	119
011907	119	119
011906	119	119
011905	119	119
011903	119	119
011902	119	119
011901	119	119
011814	118	118
011813	118	118
011812	118	118
011810	118	118
011807	118	118
011805	118	118
011804	118	118
011801	118	118
011711	117	117
011710	117	117
011708	117	117
011706	117	117
011705	117	117
011704	117	117
011702	117	117
011601	116	116
011509	115	115
011507	115	115
011504	115	115
011503	115	115
011502	115	115
011407	114	114
011405	114	114
011404	114	114
011403	114	114
011322	113	113
011321	113	113
011320	113	113
011319	113	113
011318	113	113
011315	113	113
011310	113	113
011305	113	113
011304	113	113
011303	113	113
011302	113	113
011301	113	113
011204	112	112
011203	112	112
011202	112	112
011201	112	112
011109	111	111
011107	111	111
011106	111	111
011104	111	111
011103	111	111
011102	111	111
011008	110	110
011007	110	110
011006	110	110
011005	110	110
010936	109	109
010935	109	109
010934	109	109
010933	109	109
010932	109	109
010926	109	109
010925	109	109
010924	109	109
010922	109	109
010921	109	109
010919	109	109
010918	109	109
010917	109	109
010916	109	109
010914	109	109
010913	109	109
010908	109	109
010907	109	109
010904	109	109
010902	109	109
010901	109	109
010809	108	108
010808	108	108
010806	108	108
010805	108	108
010801	108	108
010706	107	107
010705	107	107
010704	107	107
010702	107	107
010611	106	106
010610	106	106
010608	106	106
010607	106	106
010606	106	106
010602	106	106
010517	105	105
010516	105	105
010515	105	105
010513	105	105
010511	105	105
010510	105	105
010508	105	105
010505	105	105
010502	105	105
010501	105	105
010424	104	104
010423	104	104
010422	104	104
010421	104	104
010420	104	104
010419	104	104
010418	104	104
010417	104	104
010416	104	104
010415	104	104
010414	104	104
010413	104	104
010411	104	104
010409	104	104
010407	104	104
010402	104	104
010318	103	103
010317	103	103
010316	103	103
010313	103	103
010312	103	103
010310	103	103
010309	103	103
010307	103	103
010305	103	103
010304	103	103
010210	102	102
010209	102	102
010206	102	102
010204	102	102
010203	102	102
010202	102	102
010127	101	101
010126	101	101
010125	101	101
010124	101	101
010123	101	101
010122	101	101
010121	101	101
010119	101	101
010112	101	101
010109	101	101
010103	101	101
